(0, 0):(-42.0, -9.0)
(1, 0):(-18.0, -9.0)
(2, 0):(6.0, -9.0)
(3, 0):(30.0, -9.0)
(4, 0):(54.0, -9.0)
(5, 0):(78.0, -9.0)
(6, 0):(102.0, -9.0)
(7, 0):(126.0, -9.0)
(8, 0):(150.0, -9.0)
(0, 1):(-42.0, 61.0)
(1, 1):(-18.0, 61.0)
(2, 1):(6.0, 61.0)
(3, 1):(30.0, 61.0)
(4, 1):(54.0, 61.0)
(5, 1):(78.0, 61.0)
(6, 1):(102.0, 61.0)
(7, 1):(126.0, 61.0)
(8, 1):(150.0, 61.0)
(0, 2):(-42.0, 131.0)
(1, 2):(-18.0, 131.0)
(2, 2):(6.0, 131.0)
(3, 2):(30.0, 131.0)
(4, 2):(54.0, 131.0)
(5, 2):(78.0, 131.0)
(6, 2):(102.0, 131.0)
(7, 2):(126.0, 131.0)
(8, 2):(150.0, 131.0)
(-1, 0):(-66.0, -9.0)
(-2, 0):(-90.0, -9.0)
(-3, 0):(-114.0, -9.0)
(-4, 0):(-138.0, -9.0)
(-1, 1):(-70, 61.0)
(-2, 1):(-94, 61.0)
(-3, 1):(-118, 61.0)
(-4, 1):(-142, 61.0)
(-1, 2):(-70, 131.0)
(-2, 2):(-94, 131.0)
(-3, 2):(-118, 131.0)
(-4, 2):(-142, 131.0)
(-1, -1):(-66.0, -112.0)
(-2, -1):(-90.0, -112.0)
(-3, -1):(-114.0, -112.0)
(-4, -1):(-138.0, -112.0)
(0, -1):(-42.0, -112.0)
(1, -1):(-18.0, -112.0)
(2, -1):(6.0, -112.0)
(3, -1):(30.0, -112.0)
(4, -1):(54.0, -112.0)
(5, -1):(78.0, -112.0)
(6, -1):(102.0, -112.0)
(7, -1):(126.0, -112.0)
(8, -1):(150.0, -112.0)
